 0.00000000e+00 0.00000000e+00 0.00000000e+00 0.00000000e+00 0.00000000e+00 -0.00000000e+00
 -2.47609880e-02 1.34171765e-02 5.65693297e-02 1.05431076e-04 -3.09991842e-04 -2.77416649e-04
 -2.74495949e-02 1.45742893e-02 1.12626246e-01 2.42941242e-04 3.19555360e-04 -5.99880018e-04
 -1.32738108e-02 -1.72880635e-02 6.62292085e-02 4.16748330e-04 4.62905275e-04 -3.59573032e-04
 -2.42359434e-02 -4.38136027e-02 8.12423620e-02 -1.21585906e-05 2.54319853e-04 -5.79368632e-04
 -2.51898888e-02 -3.15819881e-02 1.26614390e-01 1.50259944e-04 3.55967529e-04 -7.05843336e-04
 -2.83401689e-02 -2.13362634e-02 1.09412521e-01 3.68987407e-04 1.66389066e-04 -7.11393883e-04
 -5.95863815e-02 -2.45903984e-02 1.61126655e-01 1.52588525e-04 -2.19507140e-04 -1.29867896e-03
 -3.70118742e-02 -4.47612847e-02 1.34160643e-01 8.88418052e-04 7.94707219e-05 -1.31767185e-03
 -4.49754697e-02 -2.24919036e-02 1.78493825e-01 3.40084714e-04 1.70177287e-05 -1.41932300e-03
 -6.97045288e-03 -9.05480853e-02 1.75046811e-01 5.30115520e-04 4.75278572e-04 -1.27765638e-03
 4.54165401e-02 -7.87264206e-02 -9.49916237e-02 1.87092364e-03 1.47265549e-03 -1.35551000e-03
 7.79468891e-03 -7.93681581e-02 2.27046817e-01 -5.58482042e-04 1.42657273e-03 -1.80061245e-03
 1.10211629e-02 -3.40031420e-02 2.08386971e-01 -4.75457483e-04 8.42303464e-04 -1.73499671e-03
 4.63812258e-02 -1.32961046e-01 3.23569890e-01 -2.42146906e-03 1.50585748e-03 -1.93118264e-03
 4.27899822e-02 -1.09346082e-01 2.85323824e-01 -2.17625995e-03 2.07142008e-03 -2.38827237e-03
 3.27341258e-02 -1.36153772e-01 3.34702675e-01 -2.80102746e-03 1.68245833e-03 -2.30133053e-03
 3.44869885e-02 -1.71167658e-01 3.30495478e-01 -2.48477117e-03 2.23378777e-03 -2.64684147e-03
 8.70853762e-03 -1.34377222e-01 3.18070146e-01 -2.78773792e-03 2.14851541e-03 -3.20635008e-03
 6.70608286e-03 -1.38968430e-01 3.90368926e-01 -3.68801191e-03 2.31591229e-03 -3.17770359e-03
 2.46676918e-02 -1.52375724e-01 3.89550204e-01 -3.85159018e-03 2.57142824e-03 -3.21877277e-03
 -4.41589048e-04 -1.50001305e-01 4.32668546e-01 -4.16932885e-03 2.31176662e-03 -3.17958760e-03
 -2.11338600e-02 -1.30086417e-01 4.19581290e-01 -4.22236485e-03 1.88173734e-03 -3.01566304e-03
 -5.09744695e-02 -1.72739868e-01 4.25941473e-01 -4.17560299e-03 1.96139253e-03 -3.03333021e-03
 -4.60094936e-02 -1.12488409e-01 3.95863258e-01 -4.07983742e-03 1.72335663e-03 -3.02289932e-03
 -6.11302972e-02 -1.62939276e-01 4.92121980e-01 -3.65299428e-03 1.81079962e-03 -3.02839442e-03
 -8.86532123e-02 -1.47122942e-01 5.08822081e-01 -3.52460121e-03 1.68402585e-03 -3.38850464e-03
 -1.00670641e-01 -1.50476834e-01 5.26944347e-01 -3.71343423e-03 1.71736330e-03 -3.42395640e-03
 -8.58712970e-02 -1.47680506e-01 4.81203165e-01 -3.87053024e-03 2.16853672e-03 -3.45679428e-03
 -1.00657933e-01 -1.16847277e-01 5.20645516e-01 -4.40850773e-03 2.01415371e-03 -3.66262655e-03
 -9.29548330e-02 -1.46220723e-01 4.90263395e-01 -4.03179996e-03 2.35990654e-03 -3.72701500e-03
 -7.46192029e-02 -1.43659958e-01 5.39344552e-01 -5.00301258e-03 2.59645353e-03 -3.81192992e-03
 -7.08697449e-02 -1.36760868e-01 5.52593522e-01 -4.73446964e-03 2.36476359e-03 -3.58068391e-03
 -7.67412559e-02 -1.43532690e-01 5.53189730e-01 -5.01534198e-03 2.49835582e-03 -4.00814484e-03
 -4.19354488e-02 -1.32530722e-01 5.46538520e-01 -4.91572008e-03 2.91152405e-03 -3.95383401e-03
 -4.28361637e-02 -1.47115034e-01 5.74961567e-01 -5.17343468e-03 3.06209061e-03 -4.24848892e-03
 -4.86122168e-02 -1.69162391e-01 5.70363359e-01 -4.99587509e-03 2.74695230e-03 -4.44315461e-03
 -4.16481004e-02 -1.54891318e-01 5.43102435e-01 -4.67966648e-03 3.04154325e-03 -4.60725274e-03
 -3.87428337e-02 -1.71108276e-01 5.71786550e-01 -5.04077794e-03 3.30411034e-03 -4.71098722e-03
 -5.10736177e-02 -1.64937676e-01 5.70845844e-01 -4.92311105e-03 3.42952651e-03 -4.95332908e-03
 -1.64759993e-02 -1.34504232e-01 5.37738964e-01 -4.77515906e-03 3.28389732e-03 -4.39568917e-03
 -3.75939097e-02 -1.04813389e-01 5.61167244e-01 -4.69126061e-03 2.21449083e-03 -4.01293589e-03
 -4.80827685e-02 -1.00492529e-01 5.70714715e-01 -3.75508614e-03 2.44407986e-03 -3.98826445e-03
 -4.75939279e-02 -6.15183043e-02 5.55124947e-01 -3.60134026e-03 2.49752288e-03 -4.09906463e-03
 -6.28070640e-02 -1.15800162e-01 5.85789124e-01 -4.09942567e-03 2.48074347e-03 -4.18736065e-03
 -4.84930801e-02 -9.17716463e-02 5.69269544e-01 -3.95544545e-03 2.67780251e-03 -4.33191967e-03
 -3.40895873e-02 -1.10800415e-01 6.15900339e-01 -3.81691396e-03 2.92808165e-03 -4.08622959e-03
 -1.52352760e-02 -9.21100088e-02 5.48794874e-01 -3.33665754e-03 2.86766659e-03 -4.09720622e-03
 -4.17750892e-02 -8.63257858e-02 5.89012173e-01 -3.55029445e-03 2.73200105e-03 -4.19754604e-03
 -2.58498302e-02 -7.13198848e-02 5.59957104e-01 -3.37955321e-03 2.60944800e-03 -4.22534184e-03
 -2.51513985e-03 -8.99742070e-02 6.30761084e-01 -3.99035476e-03 3.03216720e-03 -4.26329078e-03
 -1.40287022e-03 -1.09115908e-01 6.08895947e-01 -4.09312356e-03 3.24620383e-03 -4.53343582e-03
 -5.62034884e-03 -7.00761339e-02 6.22237321e-01 -4.41114855e-03 3.26055503e-03 -4.31550213e-03
 -9.12008106e-03 -7.11646636e-02 6.35579671e-01 -4.83707236e-03 3.41066870e-03 -4.61077386e-03
 -1.65851489e-03 -7.25151306e-02 5.89469595e-01 -4.69779089e-03 3.84547335e-03 -4.67502090e-03
 1.02189922e-02 -8.95399974e-02 6.07721417e-01 -4.96307047e-03 3.85730455e-03 -4.63171034e-03
 -9.56049847e-03 -1.35827679e-01 6.64145763e-01 -5.77768634e-03 3.90643786e-03 -4.62158767e-03
 5.16063392e-03 -1.30249084e-01 6.62501536e-01 -5.80484800e-03 4.58358739e-03 -4.91100461e-03
 1.73829676e-02 -1.02298912e-01 6.37636662e-01 -5.90726924e-03 4.54900533e-03 -4.93322099e-03
 2.07180038e-02 -1.18566534e-01 6.75422230e-01 -6.25311028e-03 4.83131603e-03 -5.27929133e-03
 1.29347319e-05 -1.04535475e-01 6.95283057e-01 -6.04684598e-03 4.69619214e-03 -5.14769880e-03
 -1.18576462e-02 -6.59023966e-02 6.05581878e-01 -5.11203997e-03 4.18444711e-03 -4.57832371e-03
 -3.38960506e-02 -3.63368869e-02 6.35847803e-01 -5.91544021e-03 3.92272330e-03 -4.79102167e-03
 -4.51908978e-02 -3.22392535e-02 5.79055975e-01 -5.36063093e-03 3.66515086e-03 -4.93692511e-03
 -6.23859973e-02 -2.05830994e-02 6.32062963e-01 -5.68650164e-03 3.62081754e-03 -5.29138858e-03
 -5.76580244e-02 -6.25136208e-02 6.44265102e-01 -4.77662878e-03 3.82534283e-03 -5.08117939e-03
 -6.66565189e-02 -2.77779843e-02 6.46577098e-01 -4.22690313e-03 3.61898647e-03 -5.00731027e-03
 -6.52332841e-02 -3.94883703e-02 6.66699876e-01 -4.27835895e-03 3.27604874e-03 -5.01884462e-03
 -4.76380312e-02 -5.65208808e-02 6.39858611e-01 -3.90842381e-03 3.60755234e-03 -4.73934623e-03
 -5.14099500e-02 -1.09856677e-02 6.33423737e-01 -4.14696336e-03 3.56870243e-03 -4.80374002e-03
 -8.26344280e-02 -1.08253123e-01 6.06179515e-01 -4.63973612e-03 3.60859656e-03 -5.68357064e-03
 -9.48796080e-02 1.42297160e-02 6.78187792e-01 -3.94535683e-03 3.06033030e-03 -6.07319873e-03
 -6.26793938e-02 -1.62435477e-02 6.12685267e-01 -4.09461596e-03 3.57483524e-03 -6.22470269e-03
 -5.77735505e-02 5.80674202e-03 6.09409721e-01 -5.03569523e-03 3.77382429e-03 -6.68629356e-03
 -3.86176919e-02 -6.96837380e-03 6.71037152e-01 -4.91285004e-03 4.45459923e-03 -6.54777127e-03
 -3.00503197e-02 -3.00374625e-02 6.63549882e-01 -4.76443108e-03 4.61404326e-03 -6.79173857e-03
 -1.70093574e-02 1.02180992e-02 6.62679614e-01 -5.60473768e-03 4.51666175e-03 -6.17680321e-03
 -1.31325577e-02 1.81259971e-02 6.53746796e-01 -5.23486077e-03 4.78442208e-03 -6.48661455e-03
 -2.06552048e-02 6.57357042e-02 6.28635236e-01 -4.59324337e-03 4.85790459e-03 -6.67869003e-03
 -2.42401184e-02 2.99365556e-02 6.82708386e-01 -5.33010537e-03 5.30441906e-03 -6.86950972e-03
 -1.35819068e-02 -2.36842197e-02 6.79904562e-01 -5.20636812e-03 4.96446699e-03 -6.60218543e-03
 -4.42834500e-03 -4.55516151e-03 6.41814566e-01 -4.91587806e-03 4.48654948e-03 -6.26170325e-03
 -2.25232472e-02 3.31387978e-02 6.62673266e-01 -4.55009643e-03 4.57164990e-03 -6.04382063e-03
 -1.01760007e-02 -3.04263066e-02 6.47437238e-01 -4.85067276e-03 4.77968925e-03 -6.09665851e-03
 6.94334533e-03 2.58116744e-02 6.62104534e-01 -5.11936810e-03 4.80965355e-03 -6.05063973e-03
 2.28439791e-02 -5.87042260e-03 6.86155316e-01 -5.27842156e-03 5.07266547e-03 -6.03164768e-03
 4.52289944e-02 1.47955946e-02 6.51022480e-01 -4.78768801e-03 5.23155943e-03 -5.68199791e-03
 3.92895849e-02 -1.43720895e-03 6.84332473e-01 -4.91524408e-03 5.06820424e-03 -5.46225198e-03
 5.18372197e-02 -5.48740682e-03 6.52351377e-01 -4.71800262e-03 5.65109263e-03 -5.60084015e-03
 4.70511600e-02 -2.39363519e-03 7.07135117e-01 -5.21213159e-03 5.53478157e-03 -5.33964912e-03
 6.32963466e-02 -3.00106507e-03 6.89023539e-01 -4.86760882e-03 5.90373842e-03 -5.73125869e-03
 8.79673005e-02 2.31261526e-02 7.49370709e-01 -5.04007880e-03 6.00906034e-03 -5.52032607e-03
 1.03810408e-01 1.04185212e-03 7.05216262e-01 -4.40992627e-03 6.50856652e-03 -5.17874231e-03
 1.33782174e-01 5.19314174e-02 7.00157745e-01 -4.96314954e-03 6.74916335e-03 -4.97487941e-03
 1.18355324e-01 -1.73846708e-04 7.31259135e-01 -5.04507063e-03 6.50890292e-03 -5.11389746e-03
 1.07099663e-01 3.22147901e-02 6.85459542e-01 -4.70860229e-03 6.86129704e-03 -5.48955552e-03
 1.18347617e-01 1.35844158e-02 7.38348057e-01 -5.34536013e-03 7.02108713e-03 -5.47104842e-03
 1.26347370e-01 -1.03341781e-02 7.15063202e-01 -5.54300671e-03 7.44657060e-03 -5.65369135e-03
 1.32471239e-01 1.78931484e-02 7.26809125e-01 -6.02591984e-03 7.52735741e-03 -5.42906739e-03
 1.25737996e-01 -3.39702901e-02 7.71017673e-01 -6.37223724e-03 7.96534790e-03 -5.75825212e-03
 1.05658393e-01 7.12896094e-03 7.48273463e-01 -6.20949343e-03 7.89743831e-03 -5.62962218e-03
 7.64010353e-02 2.79563739e-02 7.61736403e-01 -6.09550813e-03 7.19830080e-03 -5.54151662e-03
 7.77783693e-02 2.56900645e-02 7.62317396e-01 -5.66606323e-03 7.26749347e-03 -5.15493199e-03
 7.13909164e-02 4.25991034e-02 7.57813484e-01 -5.66821441e-03 7.39491859e-03 -5.13284421e-03
 7.12970762e-02 7.14025253e-02 7.86816172e-01 -5.48510607e-03 7.36366766e-03 -5.23000747e-03
 7.46086497e-02 2.40282427e-02 7.60807451e-01 -5.15915382e-03 7.61908882e-03 -5.27053358e-03
 8.12669226e-02 5.73380056e-02 7.72305213e-01 -5.15181432e-03 7.69475278e-03 -5.34309851e-03
 7.75647366e-02 3.39098148e-02 8.19606894e-01 -5.54287883e-03 7.32565982e-03 -5.01007628e-03
 9.14525279e-02 4.39212577e-02 7.85716468e-01 -4.92341086e-03 7.67046630e-03 -4.90188009e-03
 8.59503201e-02 9.97280185e-02 8.16246572e-01 -4.73475069e-03 7.41844159e-03 -4.67235155e-03
 8.35685639e-02 3.75791280e-02 8.23265696e-01 -4.67059230e-03 7.92910435e-03 -5.02397651e-03
 1.02315168e-01 9.59605248e-02 8.42723985e-01 -5.15661015e-03 8.00859640e-03 -5.07164593e-03
 9.46916345e-02 5.71340056e-02 8.81417867e-01 -5.39761664e-03 8.39932300e-03 -5.23473782e-03
 1.04970013e-01 7.41248291e-02 8.07549386e-01 -5.04732096e-03 8.62094640e-03 -5.57620255e-03
 1.00002370e-01 4.71828609e-02 8.29843874e-01 -5.86020561e-03 8.51057703e-03 -5.74456722e-03
 1.02649207e-01 3.53447825e-02 8.64574034e-01 -5.73029745e-03 8.99486104e-03 -5.93734971e-03
 1.11956040e-01 4.47274438e-02 8.35334312e-01 -5.59628478e-03 9.10032470e-03 -5.90622372e-03
 1.05458305e-01 4.18413926e-02 8.53342876e-01 -6.19828204e-03 8.98322427e-03 -6.04022879e-03
 1.11302331e-01 3.43006962e-02 8.73615111e-01 -6.07958626e-03 9.01073313e-03 -5.75996703e-03
 1.18127339e-01 5.36977452e-02 8.48094332e-01 -5.71785062e-03 9.52630591e-03 -5.97797964e-03
 1.36507208e-01 4.48370158e-02 8.63107717e-01 -6.25484779e-03 8.89905930e-03 -5.25549792e-03
 1.26293761e-01 9.02250021e-02 8.63250914e-01 -5.27696134e-03 8.48594860e-03 -5.14086676e-03
 1.34807623e-01 6.16808095e-02 7.53095822e-01 -5.17644163e-03 8.28946396e-03 -5.23080914e-03
 1.06357844e-01 6.23937423e-02 8.12851269e-01 -5.46220577e-03 8.02097153e-03 -5.60048049e-03
 7.82014333e-02 1.31562841e-01 8.20215389e-01 -5.11628480e-03 7.64881232e-03 -5.56941437e-03
 1.04194685e-01 7.92502859e-02 7.80374199e-01 -4.67136564e-03 8.17429466e-03 -5.54617815e-03
 8.02101008e-02 1.50813682e-01 8.52578578e-01 -5.20803594e-03 7.81941226e-03 -5.74260767e-03
 1.04464739e-01 1.03154343e-01 7.93008111e-01 -4.17340972e-03 8.36910402e-03 -5.63509295e-03
 9.95806328e-02 1.19474465e-01 8.79160290e-01 -5.10429908e-03 7.97780102e-03 -5.52017006e-03
 1.25211123e-01 1.00917902e-01 8.61702387e-01 -4.65823950e-03 8.53224725e-03 -5.52870058e-03
 1.38522043e-01 1.31855315e-01 8.53877441e-01 -5.51161686e-03 8.19364470e-03 -5.58118086e-03
 1.45976608e-01 9.15853164e-02 8.81283117e-01 -5.72635834e-03 8.78356570e-03 -5.40243535e-03
 1.34464236e-01 1.54331908e-01 8.27102326e-01 -5.68076725e-03 8.76652876e-03 -5.63299711e-03
 1.34058791e-01 1.51658610e-01 8.64927900e-01 -5.86000085e-03 8.93371690e-03 -5.87576581e-03
 1.50203596e-01 8.17628146e-02 9.31255096e-01 -6.08193434e-03 9.14999720e-03 -5.98535984e-03
 1.44804395e-01 1.17504471e-01 9.20392530e-01 -6.11594717e-03 8.84172723e-03 -6.05240864e-03
 1.49286871e-01 7.33609591e-02 9.96977853e-01 -6.87300541e-03 8.93664303e-03 -6.00664016e-03
 1.57363282e-01 9.68441492e-02 9.26298570e-01 -6.77512355e-03 9.44371667e-03 -6.24744566e-03
 1.62393844e-01 1.29191563e-01 9.35477364e-01 -7.03447923e-03 9.48867837e-03 -6.12629391e-03
 1.79095601e-01 1.07423890e-01 9.52493161e-01 -6.74279820e-03 1.01263967e-02 -5.80580936e-03
 1.60597050e-01 1.03370179e-01 9.58834546e-01 -6.78659892e-03 9.64246263e-03 -5.78938270e-03
 1.17245447e-01 1.24436118e-01 9.72691747e-01 -6.32782309e-03 9.05429221e-03 -5.85842562e-03
 1.21356322e-01 1.18142363e-01 9.59701651e-01 -6.63373108e-03 8.86390930e-03 -5.54028314e-03
 1.30554570e-01 1.33553268e-01 9.49095609e-01 -6.56540944e-03 9.13787357e-03 -5.57003753e-03
 1.22008309e-01 1.02968637e-01 9.80112441e-01 -6.89981939e-03 9.25676056e-03 -5.66101439e-03
 1.25712246e-01 1.04491067e-01 9.76368604e-01 -6.59534248e-03 9.49703744e-03 -5.78380832e-03
 1.42848748e-01 8.04826097e-02 1.01540050e+00 -7.11037431e-03 9.71666564e-03 -5.75072670e-03
 1.46858987e-01 8.94143152e-02 1.01262416e+00 -7.42617960e-03 9.54055284e-03 -5.60970338e-03
 1.59254766e-01 8.34291004e-02 9.85190368e-01 -7.44781719e-03 9.61596670e-03 -5.65829962e-03
 1.67458580e-01 8.71841954e-02 9.84046483e-01 -7.29110515e-03 9.56351988e-03 -5.31640529e-03
 1.76738430e-01 9.62457754e-02 9.67456801e-01 -7.05394093e-03 1.01261182e-02 -5.64932111e-03
 1.76310324e-01 1.08752158e-01 9.85434337e-01 -7.22015659e-03 1.02223090e-02 -5.90391887e-03
 1.63503438e-01 9.21358361e-02 1.00712629e+00 -7.53566763e-03 1.01538954e-02 -5.90375572e-03
 1.67757018e-01 9.90914708e-02 9.75852326e-01 -7.52679979e-03 1.02112594e-02 -5.97453798e-03
 1.64182498e-01 1.74857416e-01 9.54415614e-01 -7.42201148e-03 1.00767846e-02 -6.00150809e-03
 1.78470311e-01 1.33313875e-01 1.00115101e+00 -7.44251069e-03 1.05263651e-02 -6.23241856e-03
 1.78815812e-01 1.18067374e-01 9.88432833e-01 -6.99631933e-03 1.05939446e-02 -6.40155196e-03
 1.68248337e-01 1.30768927e-01 1.02563037e+00 -7.27867251e-03 1.02958956e-02 -6.50774926e-03
 1.71765273e-01 9.39230740e-02 1.03602226e+00 -7.51203241e-03 1.03928896e-02 -6.41209829e-03
 1.91413421e-01 7.90783443e-02 1.02550842e+00 -7.37614405e-03 1.07842830e-02 -6.55002661e-03
 1.94471278e-01 1.14446266e-01 1.00865027e+00 -7.27046553e-03 1.03001263e-02 -6.04351262e-03
 1.77470556e-01 1.40083604e-01 9.90070042e-01 -6.82355615e-03 9.56754490e-03 -5.66859465e-03
 1.76634437e-01 1.64778083e-01 9.96567430e-01 -5.77803779e-03 9.36376852e-03 -5.35043813e-03
 1.64020897e-01 1.96558096e-01 9.53272350e-01 -5.83898422e-03 8.66796084e-03 -5.34601398e-03
 1.85258094e-01 1.01211161e-01 9.08397109e-01 -6.14708272e-03 9.26043500e-03 -5.72550795e-03
 1.80391542e-01 2.04729113e-01 9.53413715e-01 -5.77539552e-03 8.96504221e-03 -5.68897490e-03
 1.67107819e-01 2.15889482e-01 8.61359178e-01 -4.95520718e-03 8.86796294e-03 -5.69734580e-03
 1.53157748e-01 2.02802979e-01 9.67670697e-01 -5.53465198e-03 8.95804921e-03 -6.06007373e-03
 1.61446126e-01 2.02864147e-01 9.45914379e-01 -4.80349683e-03 8.99488146e-03 -5.93166141e-03
 1.58661538e-01 2.00742848e-01 9.70094890e-01 -5.56664894e-03 8.76168567e-03 -6.02740210e-03
 1.76048698e-01 1.77943664e-01 9.97707173e-01 -5.83398345e-03 8.77971525e-03 -5.83824488e-03
 2.11776904e-01 2.03817284e-01 9.85240615e-01 -6.09244283e-03 9.45789146e-03 -5.69867257e-03
 2.00214930e-01 1.64829206e-01 9.89645974e-01 -6.57282989e-03 9.72725358e-03 -5.50163406e-03
 1.91202232e-01 2.25000732e-01 9.29884796e-01 -6.26874532e-03 9.43246454e-03 -5.67300076e-03
 1.76168518e-01 2.03273973e-01 1.02717681e+00 -7.18182836e-03 9.52371446e-03 -6.00387941e-03
 1.91097098e-01 1.68276761e-01 1.01382742e+00 -6.71734502e-03 9.76135945e-03 -6.05632021e-03
 1.91603494e-01 1.91652488e-01 1.02031589e+00 -7.15882739e-03 9.65118363e-03 -6.00494988e-03
 1.81586702e-01 1.61587767e-01 1.04932368e+00 -7.10507400e-03 9.70380975e-03 -6.27382309e-03
 1.71594111e-01 1.91425802e-01 9.92505490e-01 -6.56391293e-03 9.94722944e-03 -6.48822375e-03
 1.86738062e-01 1.87050320e-01 1.03196458e+00 -7.36406862e-03 9.78745833e-03 -6.21841171e-03
 1.60475316e-01 1.65123415e-01 1.03467879e+00 -7.09530289e-03 9.91171780e-03 -6.33223538e-03
 1.41133311e-01 2.01021021e-01 1.02646243e+00 -6.81730733e-03 9.64270541e-03 -5.85794418e-03
 1.36097979e-01 2.18169288e-01 1.06955937e+00 -6.73808677e-03 9.96203355e-03 -5.81284455e-03
 1.40700512e-01 2.01875797e-01 1.03491145e+00 -6.60726654e-03 9.79116377e-03 -5.52866769e-03
 1.41813022e-01 2.68525252e-01 1.02537989e+00 -6.35642296e-03 9.57258605e-03 -5.32249471e-03
 1.35626695e-01 2.51936702e-01 9.84456213e-01 -5.89029984e-03 9.83665119e-03 -5.33203926e-03
 1.36408656e-01 3.06315789e-01 9.39755398e-01 -4.95292525e-03 9.75052633e-03 -4.96539104e-03
 1.44889983e-01 2.77582092e-01 1.00121308e+00 -5.09317828e-03 1.02435179e-02 -4.94674457e-03
 1.63399126e-01 3.00638099e-01 9.56619895e-01 -4.52492992e-03 1.03410181e-02 -4.88637995e-03
 1.80706529e-01 2.70036654e-01 1.03899065e+00 -4.58356391e-03 1.03932343e-02 -4.70963680e-03
 1.83185173e-01 2.87245000e-01 1.01208498e+00 -4.23477087e-03 1.04623230e-02 -4.98720359e-03
 1.98370542e-01 2.58441433e-01 1.09088261e+00 -5.60438799e-03 1.10413971e-02 -5.24604593e-03
 2.06237837e-01 2.42014132e-01 1.06086438e+00 -5.84683701e-03 1.11907677e-02 -5.35385339e-03
 2.11627082e-01 2.77458975e-01 1.05565652e+00 -6.03063347e-03 1.13474075e-02 -5.63564526e-03
 2.13267785e-01 2.59330524e-01 1.07999244e+00 -6.60629251e-03 1.13020643e-02 -5.69062795e-03
 2.11610462e-01 2.44012705e-01 1.08788802e+00 -6.31310612e-03 1.15740046e-02 -5.79189966e-03
 2.28172337e-01 2.58640219e-01 1.05794740e+00 -5.90254277e-03 1.17110106e-02 -5.70595993e-03
 2.11426428e-01 2.48115157e-01 1.10215067e+00 -6.59001687e-03 1.15278022e-02 -5.56089723e-03
 2.16668670e-01 2.38239507e-01 1.09712467e+00 -6.49637138e-03 1.17643753e-02 -5.72154872e-03
 1.95445760e-01 2.66853169e-01 1.08201176e+00 -6.31638407e-03 1.15221781e-02 -6.00979712e-03
